epochs: 200
batch: 5
imgsz: 224

lr0: 0.0015190223860752346
lrf: 0.09402827811162646
momentum: 0.7699832015991664
weight_decay: 0.0007568977500575172
warmup_epochs: 3.7406242240097027